20
 -2.1420176894e-05   -6.2354256508e-05    9.8185594247e-05
  1.9460176728e-06   -7.6815749177e-07   -3.7724272877e-07
 0  0  0  0  0  0  0  0  0  0  0  0  0
 0.0e+00   0.0e+00   0.0e+00   0.0e+00   0.0e+00
 0.0e+00   0.0e+00   0.0e+00   0.0e+00   0.0e+00
 0.0e+00   0.0e+00   0.0e+00
  3.1783202609e-04   -4.5774474380e-05   -2.7358945431e-04
  5.9597962127e-07   -3.9178855026e-07    9.7553266654e-08
 0  0  0  0  0  0  0  0  0  0  0  0  0
 0.0e+00   0.0e+00   0.0e+00   0.0e+00   0.0e+00
 0.0e+00   0.0e+00   0.0e+00   0.0e+00   0.0e+00
 0.0e+00   0.0e+00   0.0e+00
  2.9023380497e-04   -7.9546826334e-05    5.4303198655e-04
 -8.0780809933e-08   -6.5803712991e-08   -8.8143443533e-08
 0  0  0  0  0  0  0  0  0  0  0  0  0
 0.0e+00   0.0e+00   0.0e+00   0.0e+00   0.0e+00
 0.0e+00   0.0e+00   0.0e+00   0.0e+00   0.0e+00
 0.0e+00   0.0e+00   0.0e+00
 -4.5024256470e-04   -3.0496749804e-04    7.3825057829e-05
 -1.3493211061e-08   -1.1020776881e-07    3.8124787112e-07
 0  0  0  0  0  0  0  0  0  0  0  0  0
 0.0e+00   0.0e+00   0.0e+00   0.0e+00   0.0e+00
 0.0e+00   0.0e+00   0.0e+00   0.0e+00   0.0e+00
 0.0e+00   0.0e+00   0.0e+00
 -5.5209588246e-04    2.5003209570e-05    1.4768984918e-04
  1.0925518980e-08    6.1416784806e-09   -3.2984401868e-07
 0  0  0  0  0  0  0  0  0  0  0  0  0
 0.0e+00   0.0e+00   0.0e+00   0.0e+00   0.0e+00
 0.0e+00   0.0e+00   0.0e+00   0.0e+00   0.0e+00
 0.0e+00   0.0e+00   0.0e+00
  2.1227129838e-04    1.2467121108e-04    1.6421854493e-04
  9.3111807612e-07    4.6014622895e-08   -5.5897167765e-07
 0  0  0  0  0  0  0  0  0  0  0  0  0
 0.0e+00   0.0e+00   0.0e+00   0.0e+00   0.0e+00
 0.0e+00   0.0e+00   0.0e+00   0.0e+00   0.0e+00
 0.0e+00   0.0e+00   0.0e+00
  1.1495026215e-04    5.9973836139e-04    1.1180879774e-04
 -1.0521349078e-07   -6.1679168313e-08   -6.1759620400e-08
 0  0  0  0  0  0  0  0  0  0  0  0  0
 0.0e+00   0.0e+00   0.0e+00   0.0e+00   0.0e+00
 0.0e+00   0.0e+00   0.0e+00   0.0e+00   0.0e+00
 0.0e+00   0.0e+00   0.0e+00
 -1.8220962719e-04    1.9697850906e-04    9.8276688785e-05
  1.0329699404e-06   -2.1246440720e-07   -3.8521641010e-07
 0  0  0  0  0  0  0  0  0  0  0  0  0
 0.0e+00   0.0e+00   0.0e+00   0.0e+00   0.0e+00
 0.0e+00   0.0e+00   0.0e+00   0.0e+00   0.0e+00
 0.0e+00   0.0e+00   0.0e+00
 -4.8374831655e-04    1.3026203580e-04    2.1612567353e-04
 -4.8758272241e-08    3.6185158635e-07    1.7706584745e-07
 0  0  0  0  0  0  0  0  0  0  0  0  0
 0.0e+00   0.0e+00   0.0e+00   0.0e+00   0.0e+00
 0.0e+00   0.0e+00   0.0e+00   0.0e+00   0.0e+00
 0.0e+00   0.0e+00   0.0e+00
  6.5035110306e-05   -2.8152878157e-04    4.1187937885e-04
  5.6863296602e-08    5.0874307621e-07   -6.6238176459e-08
 0  0  0  0  0  0  0  0  0  0  0  0  0
 0.0e+00   0.0e+00   0.0e+00   0.0e+00   0.0e+00
 0.0e+00   0.0e+00   0.0e+00   0.0e+00   0.0e+00
 0.0e+00   0.0e+00   0.0e+00
  4.0912688301e-05   -1.1534032311e-04    1.0434954194e-04
 -1.5659901234e-06   -2.8658032134e-07    7.1663183810e-07
 0  0  0  0  0  0  0  0  0  0  0  0  0
 0.0e+00   0.0e+00   0.0e+00   0.0e+00   0.0e+00
 0.0e+00   0.0e+00   0.0e+00   0.0e+00   0.0e+00
 0.0e+00   0.0e+00   0.0e+00
 -1.9415521167e-06   -2.4903225054e-04    9.1379725614e-05
  2.4226666471e-08    1.1218518556e-06    4.2321980062e-07
 0  0  0  0  0  0  0  0  0  0  0  0  0
 0.0e+00   0.0e+00   0.0e+00   0.0e+00   0.0e+00
 0.0e+00   0.0e+00   0.0e+00   0.0e+00   0.0e+00
 0.0e+00   0.0e+00   0.0e+00
 -2.2092574458e-06    5.8257695833e-04    8.7037060728e-05
 -1.3452281186e-07   -1.6684367922e-07   -1.7281170970e-07
 0  0  0  0  0  0  0  0  0  0  0  0  0
 0.0e+00   0.0e+00   0.0e+00   0.0e+00   0.0e+00
 0.0e+00   0.0e+00   0.0e+00   0.0e+00   0.0e+00
 0.0e+00   0.0e+00   0.0e+00
 -4.9559424419e-04   -5.8527424668e-05   -1.3664868996e-04
 -1.7667808312e-07    3.3928345161e-07   -2.8987308980e-07
 0  0  0  0  0  0  0  0  0  0  0  0  0
 0.0e+00   0.0e+00   0.0e+00   0.0e+00   0.0e+00
 0.0e+00   0.0e+00   0.0e+00   0.0e+00   0.0e+00
 0.0e+00   0.0e+00   0.0e+00
 -3.0006084032e-06    3.4079240878e-04    3.2965856644e-04
  5.6274988783e-08    5.7342899796e-07    1.1957418485e-07
 0  0  0  0  0  0  0  0  0  0  0  0  0
 0.0e+00   0.0e+00   0.0e+00   0.0e+00   0.0e+00
 0.0e+00   0.0e+00   0.0e+00   0.0e+00   0.0e+00
 0.0e+00   0.0e+00   0.0e+00
 -2.0331609647e-04    1.6375158080e-04    5.6345158984e-04
 -5.1538205109e-08    9.0018081428e-08   -8.7262204501e-08
 0  0  0  0  0  0  0  0  0  0  0  0  0
 0.0e+00   0.0e+00   0.0e+00   0.0e+00   0.0e+00
 0.0e+00   0.0e+00   0.0e+00   0.0e+00   0.0e+00
 0.0e+00   0.0e+00   0.0e+00
  2.1992864477e-04   -2.5031047575e-04   -4.0756671595e-04
  3.3171502205e-07   -2.3138183311e-07   -2.1211068125e-07
 0  0  0  0  0  0  0  0  0  0  0  0  0
 0.0e+00   0.0e+00   0.0e+00   0.0e+00   0.0e+00
 0.0e+00   0.0e+00   0.0e+00   0.0e+00   0.0e+00
 0.0e+00   0.0e+00   0.0e+00
 -1.0999968644e-05    3.1813401418e-04   -5.7802106849e-05
  1.7168522095e-07   -7.3781869843e-07   -6.4659239166e-07
 0  0  0  0  0  0  0  0  0  0  0  0  0
 0.0e+00   0.0e+00   0.0e+00   0.0e+00   0.0e+00
 0.0e+00   0.0e+00   0.0e+00   0.0e+00   0.0e+00
 0.0e+00   0.0e+00   0.0e+00
 -1.4318911713e-05   -1.2382086602e-04    5.4302699172e-05
 -1.5540645700e-06   -1.1316996274e-06   -3.1618249921e-07
 0  0  0  0  0  0  0  0  0  0  0  0  0
 0.0e+00   0.0e+00   0.0e+00   0.0e+00   0.0e+00
 0.0e+00   0.0e+00   0.0e+00   0.0e+00   0.0e+00
 0.0e+00   0.0e+00   0.0e+00
  2.7648954477e-04    1.0075582238e-04   -2.5276472884e-04
 -5.9988770459e-07    4.2528243622e-07   -3.3735081635e-07
 0  0  0  0  0  0  0  0  0  0  0  0  0
 0.0e+00   0.0e+00   0.0e+00   0.0e+00   0.0e+00
 0.0e+00   0.0e+00   0.0e+00   0.0e+00   0.0e+00
 0.0e+00   0.0e+00   0.0e+00